<?xml version="1.0"?>
<opencv_storage>
<calibration_Time>"Tue 18 Apr 2017 12:57:49 PM CEST"</calibration_Time>
<nrOfFrames>25</nrOfFrames>
<image_Width>640</image_Width>
<image_Height>480</image_Height>
<board_Width>6</board_Width>
<board_Height>6</board_Height>
<square_Size>1.</square_Size>
<FixAspectRatio>1.</FixAspectRatio>
<!-- flags:  +fix_aspectRatio +fix_principal_point +zero_tangent_dist -->
<flagValue>14</flagValue>
<Camera_Matrix type_id="opencv-matrix">
  <rows>3</rows>
  <cols>3</cols>
  <dt>d</dt>
  <data>
    7.1846307335363872e+02 0. 320. 0. 7.1846307335363872e+02 240. 0. 0.
    1.</data></Camera_Matrix>
<Distortion_Coefficients type_id="opencv-matrix">
  <rows>5</rows>
  <cols>1</cols>
  <dt>d</dt>
  <data>
    -8.6418247318474778e-02 -6.7961565143839875e-01 0. 0.
    2.8368770133309833e+00</data></Distortion_Coefficients>
<Avg_Reprojection_Error>7.2765914002663656e-01</Avg_Reprojection_Error>
<Per_View_Reprojection_Errors type_id="opencv-matrix">
  <rows>25</rows>
  <cols>1</cols>
  <dt>f</dt>
  <data>
    7.75095820e-01 7.08139300e-01 7.07724094e-01 6.85106337e-01
    7.04672039e-01 6.79479480e-01 6.93167150e-01 6.88704073e-01
    7.60370553e-01 6.92431867e-01 6.85123742e-01 6.93922400e-01
    6.97076797e-01 6.94956303e-01 6.93317533e-01 7.83017337e-01
    6.99910343e-01 7.66385674e-01 7.16803730e-01 7.68872082e-01
    7.66497672e-01 7.79723704e-01 7.80529380e-01 7.79803455e-01
    7.65136063e-01</data></Per_View_Reprojection_Errors>
<!-- a set of 6-tuples (rotation vector + translation vector) for each view -->
<Extrinsic_Parameters type_id="opencv-matrix">
  <rows>25</rows>
  <cols>6</cols>
  <dt>d</dt>
  <data>
    -1.1205736336894372e+00 -1.0945680172207588e-01
    -8.8155115879707868e-02 -4.2690988803992980e+00
    -1.1145455837086955e+00 1.4658569006366637e+01
    -1.1226846998376936e+00 -1.1490400565538764e-01
    -8.8211367839623869e-02 -4.4006536603509874e+00
    -1.5491816523006350e+00 1.5540903774173191e+01
    -1.1226575070068165e+00 -1.1496766500612003e-01
    -8.7998334701345327e-02 -4.3997910300358871e+00
    -1.5495779361368971e+00 1.5539347912300782e+01
    -1.1224657508779736e+00 -1.1509826852507708e-01
    -8.8144574765775766e-02 -4.4005534853031865e+00
    -1.5502862675632674e+00 1.5540511264402761e+01
    -1.1223994663603389e+00 -1.1473202653517031e-01
    -8.8210829072904173e-02 -4.3991034221693326e+00
    -1.5500334236503663e+00 1.5539718543772985e+01
    -1.1224622749675974e+00 -1.1470278131792874e-01
    -8.8195017834282449e-02 -4.3984626717097868e+00
    -1.5496362514571158e+00 1.5538422547557303e+01
    -1.1226792327669175e+00 -1.1470359687357273e-01
    -8.8122241739641630e-02 -4.3985055567646425e+00
    -1.5493148350151835e+00 1.5537328066609476e+01
    -1.1223429847120006e+00 -1.1443218010690077e-01
    -8.8279709287829980e-02 -4.3983282846669676e+00
    -1.5490849595331093e+00 1.5536937785342829e+01
    -9.4505773917771940e-01 7.7672848001019645e-01
    1.3017621626606954e+00 6.8782692900024633e-01
    -1.1927499769088565e+00 1.5316669710445767e+01
    -1.1226452196654000e+00 -1.1482252101431194e-01
    -8.8540339004658214e-02 -4.3993063275956601e+00
    -1.5488515330260200e+00 1.5537784532982798e+01
    -1.1226021377549480e+00 -1.1480518776482432e-01
    -8.8301056987296261e-02 -4.3985691312965347e+00
    -1.5495223761910204e+00 1.5536845345571571e+01
    -1.1227460150318227e+00 -1.1442970592157656e-01
    -8.8288427343643699e-02 -4.3979938197785922e+00
    -1.5483521967900318e+00 1.5536608006879950e+01
    -1.1225329848982912e+00 -1.1452983338158203e-01
    -8.8371127364221383e-02 -4.3984882964856640e+00
    -1.5489506862048195e+00 1.5537731322292800e+01
    -1.1226643059174020e+00 -1.1452400373086796e-01
    -8.8256849663483725e-02 -4.3978427099973070e+00
    -1.5489086698083692e+00 1.5537678088274966e+01
    -1.1223317517509726e+00 -1.1471843311083917e-01
    -8.8336585536017198e-02 -4.3985040768135244e+00
    -1.5499362662940188e+00 1.5540111853446847e+01
    -9.4468110044392306e-01 7.7697948954940455e-01
    1.3016643609202880e+00 6.8865994619492565e-01
    -1.1941295697722254e+00 1.5315990088749343e+01
    -1.1224243275927286e+00 -1.1465380657885101e-01
    -8.8276991966790855e-02 -4.3982430732666309e+00
    -1.5497523429553843e+00 1.5539032637574451e+01
    -1.1205716976332631e+00 -1.0955628644195753e-01
    -8.8251147268326724e-02 -4.2666098230860277e+00
    -1.1152980983996499e+00 1.4655648423335228e+01
    -1.1224420000861675e+00 -1.1456004939067489e-01
    -8.8407268431200892e-02 -4.3980356398377474e+00
    -1.5493290912842181e+00 1.5538463936173400e+01
    -1.1204994816809941e+00 -1.0911859695574734e-01
    -8.8196025578711534e-02 -4.2660174753854259e+00
    -1.1149103951050563e+00 1.4654092139894269e+01
    -1.1206818192434618e+00 -1.0915817741014863e-01
    -8.8455288778717597e-02 -4.2663303253301708e+00
    -1.1138048987138351e+00 1.4654549735736424e+01
    -1.1205528421694468e+00 -1.0908603555050538e-01
    -8.8505012135816394e-02 -4.2662603943601800e+00
    -1.1140691267942049e+00 1.4655862600362276e+01
    -1.1206553639491641e+00 -1.0905961915498805e-01
    -8.8401030788321483e-02 -4.2659127819077725e+00
    -1.1138121294159555e+00 1.4654611845517763e+01
    -1.1205332119047018e+00 -1.0895560019569393e-01
    -8.8590500918412307e-02 -4.2664940915159058e+00
    -1.1137598716931454e+00 1.4654062835967329e+01
    -1.1205355662326015e+00 -1.0942203052668419e-01
    -8.8425428600010431e-02 -4.2662004456653468e+00
    -1.1150345785310041e+00 1.4653381127050988e+01</data></Extrinsic_Parameters>
