<?xml version="1.0"?>
<opencv_storage>
<calibration_Time>"Mon 17 Apr 2017 11:24:40 PM CEST"</calibration_Time>
<nrOfFrames>25</nrOfFrames>
<image_Width>640</image_Width>
<image_Height>480</image_Height>
<board_Width>6</board_Width>
<board_Height>6</board_Height>
<square_Size>1.</square_Size>
<FixAspectRatio>1.</FixAspectRatio>
<!-- flags:  +fix_aspectRatio +fix_principal_point +zero_tangent_dist -->
<flagValue>14</flagValue>
<Camera_Matrix type_id="opencv-matrix">
  <rows>3</rows>
  <cols>3</cols>
  <dt>d</dt>
  <data>
    6.9841875069630112e+02 0. 320. 0. 6.9841875069630112e+02 240. 0. 0.
    1.</data></Camera_Matrix>
<Distortion_Coefficients type_id="opencv-matrix">
  <rows>5</rows>
  <cols>1</cols>
  <dt>d</dt>
  <data>
    -1.6432743197903196e-01 7.2461359681548221e-01 0. 0.
    -1.0612598521524228e+00</data></Distortion_Coefficients>
<Avg_Reprojection_Error>8.6148627689205215e-01</Avg_Reprojection_Error>
<Per_View_Reprojection_Errors type_id="opencv-matrix">
  <rows>25</rows>
  <cols>1</cols>
  <dt>f</dt>
  <data>
    9.06253517e-01 7.85204589e-01 8.64699423e-01 2.62780786e+00
    1.16906452e+00 8.20546210e-01 7.24073589e-01 8.07383418e-01
    7.78239489e-01 6.51753664e-01 6.87209845e-01 6.10325992e-01
    6.51196659e-01 6.77354932e-01 7.77421534e-01 5.86654186e-01
    4.47223276e-01 5.81776142e-01 5.43407559e-01 5.11883080e-01
    5.23298264e-01 5.23171782e-01 5.66068769e-01 6.02435887e-01
    4.62142110e-01</data></Per_View_Reprojection_Errors>
<!-- a set of 6-tuples (rotation vector + translation vector) for each view -->
<Extrinsic_Parameters type_id="opencv-matrix">
  <rows>25</rows>
  <cols>6</cols>
  <dt>d</dt>
  <data>
    7.8356678692109664e-03 -2.1763041543841552e-02
    1.5272117377312247e+00 -7.4944500309975948e-01
    1.1916627228341101e-01 2.1224776733383681e+01 5.7245920042827247e-02
    -7.6435776504208269e-03 -2.5060496073575713e-02
    -5.1385942747489235e+00 2.0401376297147641e-01
    2.1763360115692091e+01 8.0638314910370767e-02 1.7325428645943871e-03
    -6.8570386993498184e-02 -5.2681238389520013e+00
    5.0416765620535797e-01 2.1677709499281001e+01
    -3.9488849846601178e-02 2.0639066869723371e-01
    -2.1926736329469437e-02 -1.0254717604803407e+01
    -2.8640504942760758e-01 2.4668480445941377e+01
    4.4949458547918257e-02 -8.0074841965322774e-02
    -1.0296550041058618e-02 -8.2082004904026480e+00
    -4.6912652309404995e-01 2.4993177478382307e+01
    1.4158253017614605e-01 -1.6311859060466248e-02
    -2.1831705468842822e-02 -7.0368206265206563e+00
    -5.5346348093879005e-01 2.4584733061156630e+01
    6.7415138863057736e-02 -1.0759033874713843e-01
    1.5574415120646301e+00 -1.3745284479386231e+00
    -7.1028432033515942e-01 2.4872107476747157e+01
    1.3045708969261238e-01 9.5501841120658557e-02
    -2.4153294948279405e-02 -5.2815427921993132e+00
    -2.1702526355687313e-01 2.4488969679458496e+01
    6.3065285971420762e-02 1.1073387227000961e-01
    -8.1526727777219594e-03 -4.8534561394702269e+00
    -1.8659061054555084e-01 2.5093474274570660e+01
    -2.7850703294699179e-02 1.0524947512063600e-01
    -4.6899405454757480e-03 -4.7011425275434480e+00
    -2.6455516685336727e-01 2.5818597014885938e+01
    -9.5192872858970781e-02 1.2040751340475049e-01
    -1.3029634498380882e-02 -4.7461331779764286e+00
    -3.2783721600713928e-01 2.6319629936133232e+01
    2.6840712363164976e-02 1.8727602582809780e-01 1.5616636789467244e+00
    3.5474797066003444e-01 -3.5789927627687201e-01
    2.5718902464834439e+01 -9.3121262631363846e-02
    1.2308720822510927e-01 1.3424587522667668e-03
    -4.4513756600344383e+00 -2.5886706080850608e-01
    2.6443036821783917e+01 -1.2484345827040776e-01
    1.1953954269612276e-01 1.6006466072874516e-02
    -4.2578550879332191e+00 -1.8945157087534611e-01
    2.6552146779243774e+01 -5.1144722074774902e-03
    1.7172464939333448e-01 1.5676212670643512e+00 5.5144007084303814e-01
    -2.7076642218366664e-01 2.6080068743306430e+01
    -1.1268540039685783e-01 1.3773132130364116e-01
    5.1991145156933634e-03 -4.3118466184076389e+00
    -2.1893340979750658e-01 2.6652360391212586e+01
    -5.1833530553267460e-01 8.7684949550180732e-02
    7.5744537519772722e-03 -3.8713755663083820e+00
    3.8252728841029598e-01 2.8926829483621983e+01
    -6.5574361791609004e-01 6.9162876807046011e-02
    1.1079857189174621e-02 -3.3447043624438795e+00
    8.6746838753378142e-01 2.9727501608664113e+01
    -7.0665978836268373e-01 6.8637902058705236e-01
    1.3603042012009003e+00 4.7915819504117674e-01 1.5897158059323508e+00
    3.1710530452471478e+01 -5.8810402344406354e-01
    6.4733952014752905e-01 1.4453652334814246e+00 1.3911211649595862e-01
    8.9495063296008159e-01 3.1500858160909868e+01
    -5.7313605450477623e-01 6.2020275617155718e-01
    1.4509698490700549e+00 9.4207915572751447e-02 8.2252371318034390e-01
    3.1386516660992935e+01 -7.7208604254302715e-01
    4.2256273904081910e-02 -1.5907109404120389e-02
    -4.7563242195966282e+00 1.1157847971425154e+00
    3.1517590923219469e+01 -7.7428593911733112e-01
    4.5522567666473009e-02 -1.2382231646807575e-02
    -4.7883757671032994e+00 1.1014731070499801e+00
    3.1545235630534350e+01 -7.6893506337557216e-01
    4.4015914485113709e-02 -9.2610843582175053e-03
    -4.7440052969593118e+00 1.1045892077845447e+00
    3.1501425446721854e+01 -7.6855011654233873e-01
    4.8410943030281560e-02 -7.4517302936779363e-03
    -4.7226357608786671e+00 1.1187979561579700e+00
    3.1558955145877768e+01</data></Extrinsic_Parameters>
